"Author_Year"	"n1s1.x"	"n1s0.x"	"n0s1.x"	"n0s0.x"	"n1ss.x"	"n0ss.x"	"study.x"	"miss.x"	"p1s1L"	"p1s1M"	"p1s1U"	"p0s1L"	"p0s1M"	"p0s1U"	"Author"	"Year"	"n111"	"n11s"	"n101"	"n10s"	"n1s1.y"	"n1ss.y"	"n011"	"n01s"	"n001"	"n00s"	"n0s1.y"	"n0ss.y"	"study.y"	"n110"	"n100"	"n010"	"n000"	"n1s0.y"	"n0s0.y"	"miss_r1"	"miss_r0"	"miss.y"	"c10sL"	"c10sM"	"c10sU"	"c01sL"	"c01sM"	"c01sU"
"1"	"Bofill_1997"	5	44	3	48	49	51	1	0	0.0437339609612465	0.0978775889719618	0.182639134227938	0.0272531703974468	0.070092289241705	0.141578466972523	"Bofill"	1997	5	47	0	2	0	49	1	12	2	39	0	51	1	42	2	11	37	0	0	0	0	0	0.00754724770448688	0.0397048665706575	0.112962725188793	0.128385967889274	0.22663157718726	0.351483133795835
"2"	"Clark_1998"	15	141	22	140	156	162	2	0	0.061677195767323	0.0997165746753713	0.149520021972532	0.0859930236388958	0.128897369051195	0.182795195238227	"Clark"	1998	13	147	2	9	0	156	16	84	6	78	0	162	2	134	7	68	72	0	0	0	0	0	0.0280445936412449	0.0568737100114665	0.0998783111039228	0.436520654714961	0.513268788887062	0.590360274048009
"3"	"Dickinson_2002"	85	408	71	428	493	499	3	1	0.139486759661735	0.170555505432358	0.204695931890359	0.112835022009211	0.141110395283167	0.172964916335264	NA	NA	NA	NA	NA	NA	NA	NA	NA	NA	NA	NA	NA	NA	NA	NA	NA	NA	NA	NA	NA	NA	NA	NA	NA	NA	NA	NA	NA	NA
"4"	"El_Kerdawy_2010"	4	11	3	12	15	15	5	1	0.0854214343596104	0.193560652516898	0.371444001210991	0.0619994706795648	0.157255025324669	0.319006816905726	NA	NA	NA	NA	NA	NA	NA	NA	NA	NA	NA	NA	NA	NA	NA	NA	NA	NA	NA	NA	NA	NA	NA	NA	NA	NA	NA	NA	NA	NA
"5"	"Evron_2008"	19	129	4	40	148	44	4	1	0.0816765406398529	0.125358761514049	0.180209583390984	0.0410144679517239	0.0941840269816767	0.178802258454463	"Evron"	2008	0	NA	0	NA	19	NA	0	0	4	44	0	44	4	0	0	0	40	129	0	1	0	1	NA	NA	NA	1.509380714901e-07	0.00339249459146741	0.0484125172471474
"6"	"Gambling_1998"	39	577	34	573	616	607	6	1	0.0468770163237548	0.0643525161370815	0.0850153627143895	0.0405611284032482	0.0567352343008781	0.0768054435489882	"Gambling"	1998	29	400	10	216	0	616	0	NA	0	448	34	NA	6	371	206	0	0	0	573	0	1	1	0.312244036682896	0.348996082293702	0.387301159787848	NA	NA	NA
"7"	"Grandjean_1979"	0	30	1	59	30	60	7	1	0.00593973045659744	0.0355792011577835	0.10510994513705	0.00783004835051809	0.0323152336614668	0.0835057221280836	NA	NA	NA	NA	NA	NA	NA	NA	NA	NA	NA	NA	NA	NA	NA	NA	NA	NA	NA	NA	NA	NA	NA	NA	NA	NA	NA	NA	NA	NA
"8"	"Halpern_2004"	12	112	12	106	124	118	8	0	0.0575811737036453	0.0987753792689445	0.153770670276069	0.0580985368329229	0.0990046889888903	0.154687053215896	"Halpern"	2004	12	124	0	0	0	124	7	51	5	67	0	118	8	112	0	44	62	0	0	0	0	0	3.39835396785663e-06	0.00269069739130174	0.0225738534553529	0.339124684943173	0.426156227851257	0.515884944177272
"9"	"Head_2002"	10	46	7	53	56	60	9	0	0.0904964114223798	0.161336224372258	0.256309449908154	0.0593630950582389	0.116117885969473	0.195804410725713	"Head"	2002	10	53	0	3	0	56	0	2	7	58	0	60	9	43	3	2	51	0	0	0	0	0	0.013859913324015	0.0511325180307152	0.125582698318473	0.00614615908781191	0.0333077344126128	0.0965251477930054
"10"	"Hogg_2000"	7	46	6	46	53	52	10	1	0.0641465457870301	0.126948699215713	0.215898665025471	0.05325630687349	0.109982095677318	0.19316747117448	NA	NA	NA	NA	NA	NA	NA	NA	NA	NA	NA	NA	NA	NA	NA	NA	NA	NA	NA	NA	NA	NA	NA	NA	NA	NA	NA	NA	NA	NA
"11"	"Howell_2001"	13	171	16	169	184	185	11	1	0.0445945410291998	0.0747327543992389	0.115459748919181	0.0528723581329369	0.084941690461112	0.127648377537458	NA	NA	NA	NA	NA	NA	NA	NA	NA	NA	NA	NA	NA	NA	NA	NA	NA	NA	NA	NA	NA	NA	NA	NA	NA	NA	NA	NA	NA	NA
"12"	"Jain_2003"	9	36	11	72	45	83	12	0	0.0962080855234093	0.175425081397252	0.284122562871328	0.0740140526151419	0.129566198366909	0.203280240609487	"Jain"	2003	7	43	2	2	0	45	0	0	11	83	0	83	12	36	0	0	72	0	0	0	0	0	0.00802153838546241	0.0436652484776092	0.124100910754567	3.58426727164128e-07	0.00232998725544559	0.0280760192072337
"13"	"Long_2003"	1	29	6	44	30	50	13	1	0.0208280710098458	0.0697216942500444	0.156995064793113	0.0479214800385641	0.102494146551943	0.187768950286528	NA	NA	NA	NA	NA	NA	NA	NA	NA	NA	NA	NA	NA	NA	NA	NA	NA	NA	NA	NA	NA	NA	NA	NA	NA	NA	NA	NA	NA	NA
"14"	"Loughnan_2000"	36	268	40	270	304	310	14	1	0.0869451564555973	0.118825358186435	0.156247518049325	0.0942941710022171	0.126486035731126	0.164819495510055	NA	NA	NA	NA	NA	NA	NA	NA	NA	NA	NA	NA	NA	NA	NA	NA	NA	NA	NA	NA	NA	NA	NA	NA	NA	NA	NA	NA	NA	NA
"15"	"Lucas_2001"	63	309	62	304	372	366	15	1	0.133476055687149	0.167827627243146	0.206858818908537	0.130996675470645	0.165976575976472	0.205486635587142	NA	NA	NA	NA	NA	NA	NA	NA	NA	NA	NA	NA	NA	NA	NA	NA	NA	NA	NA	NA	NA	NA	NA	NA	NA	NA	NA	NA	NA	NA
"16"	"Muir_1996"	3	25	2	20	28	22	16	1	0.0402512453714972	0.106562473967176	0.216425005223566	0.0315607200591356	0.0917032034687129	0.20221576939944	NA	NA	NA	NA	NA	NA	NA	NA	NA	NA	NA	NA	NA	NA	NA	NA	NA	NA	NA	NA	NA	NA	NA	NA	NA	NA	NA	NA	NA	NA
"17"	"Muir_2000"	11	86	9	79	97	88	17	1	0.0642084245110851	0.112291752532295	0.177226325327525	0.0545651523329362	0.100255982878995	0.165493281953433	NA	NA	NA	NA	NA	NA	NA	NA	NA	NA	NA	NA	NA	NA	NA	NA	NA	NA	NA	NA	NA	NA	NA	NA	NA	NA	NA	NA	NA	NA
"18"	"Nafisi_2006"	24	173	19	179	197	198	18	0	0.0815924846449877	0.1203506210229	0.167363649341426	0.0620770967361798	0.0958843101760784	0.139169693009106	"Nafisi"	2006	24	197	0	0	0	197	0	0	19	198	0	198	18	173	0	0	179	0	0	0	0	0	2.08871347454707e-06	0.00183633212455141	0.0151450295243917	6.65350500301973e-08	0.00100664954152713	0.0132021172341301
"19"	"Nikkola_1997"	0	10	0	10	10	10	19	0	0.0101984043806844	0.0618857520129567	0.187918167036964	0.00938583528887483	0.0553032336338142	0.169560859131304	"Nikkola"	1997	0	10	0	0	0	10	0	4	0	6	0	10	19	10	0	4	6	0	0	0	0	0	2.79208988326417e-05	0.0177352689309921	0.167921708390313	0.121319196625477	0.345161362701303	0.639122010855856
"20"	"Philipsen_1989"	10	47	6	48	57	54	20	1	0.0892634430287109	0.158355439526369	0.252555734385367	0.0544312918768334	0.111462407994207	0.196007605808914	NA	NA	NA	NA	NA	NA	NA	NA	NA	NA	NA	NA	NA	NA	NA	NA	NA	NA	NA	NA	NA	NA	NA	NA	NA	NA	NA	NA	NA	NA
"21"	"Ramin_1995"	41	623	25	641	664	666	21	0	0.0456760830489869	0.0621306462335341	0.0818539576952753	0.0265715288290384	0.0393029161389544	0.0553686794651955	"Ramin"	1995	39	432	2	232	0	664	8	103	17	563	0	666	21	393	230	95	546	0	0	0	0	0	0.312328071558329	0.347799100064033	0.384540413791303	0.12786424599152	0.154126928209752	0.18265772241077
"22"	"Sharma_1997"	13	345	16	341	358	357	22	0	0.0230363264706472	0.0397215160239728	0.0626524723250445	0.0282234421851474	0.0460914357193231	0.0699244843384831	"Sharma"	1997	12	243	1	115	0	358	0	5	16	352	0	357	22	231	114	5	336	0	0	0	0	0	0.271610234868049	0.31820772398933	0.36769022629266	0.0052819642528811	0.0142352440335437	0.0301911554149338
"23"	"Sharma_2002"	16	210	20	213	226	233	23	1	0.0458498706758301	0.0739942319516836	0.110594233313643	0.0549147285746869	0.084613076027805	0.122461997068479	"Sharma"	2002	15	214	1	12	0	226	0	NA	0	219	20	NA	23	199	11	0	0	0	213	0	1	1	0.028593812186825	0.0523751654569273	0.0863893882718978	NA	NA	NA
"24"	"Shifman_2007"	15	45	18	32	60	50	24	1	0.151161673645073	0.238633969810395	0.346216738815658	0.194339915092235	0.298233331718158	0.423365035255612	NA	NA	NA	NA	NA	NA	NA	NA	NA	NA	NA	NA	NA	NA	NA	NA	NA	NA	NA	NA	NA	NA	NA	NA	NA	NA	NA	NA	NA	NA
"25"	"Thalme_1974"	6	8	4	10	14	14	25	1	0.138804379161622	0.282521796674771	0.48516917898457	0.0916780499624821	0.21079051290501	0.396912734466386	NA	NA	NA	NA	NA	NA	NA	NA	NA	NA	NA	NA	NA	NA	NA	NA	NA	NA	NA	NA	NA	NA	NA	NA	NA	NA	NA	NA	NA	NA
"26"	"Thorp_1993"	12	36	1	44	48	45	26	1	0.112721993817706	0.196784773067582	0.311070153992803	0.0195540010510061	0.06169669831788	0.134425695660919	NA	NA	NA	NA	NA	NA	NA	NA	NA	NA	NA	NA	NA	NA	NA	NA	NA	NA	NA	NA	NA	NA	NA	NA	NA	NA	NA	NA	NA	NA
"27"	"Volmanen_2008"	1	24	1	26	25	27	27	0	0.0169198281659156	0.0636763394250252	0.156711881584866	0.0147405470483824	0.0560960481900369	0.140911282080281	"Volmanen"	2008	1	24	0	1	0	25	0	3	1	24	0	27	27	23	1	3	23	0	0	0	0	0	0.00368149935160061	0.0393619076699698	0.147656970206004	0.0270445914839288	0.102795155053789	0.248153134678503
