"2.5%"	"25%"	"50%"	"75%"	"97.5%"
"Sigma[1,1]"	0.083107271370604	0.126164496984695	0.159056662208425	0.202825824325702	0.333704042428053
"Sigma[2,1]"	0.0134783600409665	0.0519347386327954	0.0766803869215576	0.107555171823216	0.197103654285636
"Sigma[1,2]"	0.0134783600409665	0.0519347386327954	0.0766803869215576	0.107555171823216	0.197103654285636
"Sigma[2,2]"	0.0800115975085058	0.11970496886439	0.149892150967427	0.189391280685577	0.305556959087579
"diff"	-0.0206438107108177	0.00383754378766325	0.0158619259330936	0.0282550159642552	0.0544698949810153
"p0s1[1]"	0.0272531703974468	0.0521991299234119	0.070092289241705	0.0908533278587909	0.141578466972523
"p0s1[2]"	0.0859930236388958	0.113020218729064	0.128897369051195	0.14613599611565	0.182795195238227
"p0s1[3]"	0.112835022009211	0.130944431659845	0.141110395283167	0.151723047161771	0.172964916335264
"p0s1[4]"	0.0410144679517239	0.0725875906156638	0.0941840269816767	0.119765102944121	0.178802258454463
"p0s1[5]"	0.0619994706795648	0.117066650243007	0.157255025324669	0.204203592365081	0.319006816905726
"p0s1[6]"	0.0405611284032482	0.0507542954256859	0.0567352343008781	0.0631842792816404	0.0768054435489882
"p0s1[7]"	0.00783004835051809	0.0211036842088928	0.0323152336614668	0.0464830925361792	0.0835057221280836
"p0s1[8]"	0.0580985368329229	0.0832263741224011	0.0990046889888903	0.116741932650798	0.154687053215896
"p0s1[9]"	0.0593630950582389	0.0938142992111987	0.116117885969473	0.141721398131059	0.195804410725713
"p0s1[10]"	0.05325630687349	0.0874753537482852	0.109982095677318	0.135802131111102	0.19316747117448
"p0s1[11]"	0.0528723581329369	0.0726893746407841	0.084941690461112	0.0983565096868281	0.127648377537458
"p0s1[12]"	0.0740140526151419	0.108343601698315	0.129566198366909	0.15301464092584	0.203280240609487
"p0s1[13]"	0.0479214800385641	0.0805971218020141	0.102494146551943	0.128779161814578	0.187768950286528
"p0s1[14]"	0.0942941710022171	0.114540075187006	0.126486035731126	0.138806091575077	0.164819495510055
"p0s1[15]"	0.130996675470645	0.153410622510528	0.165976575976472	0.179059443198172	0.205486635587142
"p0s1[16]"	0.0315607200591356	0.0659176990849751	0.0917032034687129	0.12351423156335	0.20221576939944
"p0s1[17]"	0.0545651523329362	0.0824348586566385	0.100255982878995	0.120541191971604	0.165493281953433
"p0s1[18]"	0.0620770967361798	0.0832368877869203	0.0958843101760784	0.109803579150815	0.139169693009106
"p0s1[19]"	0.00938583528887483	0.0333896657168409	0.0553032336338142	0.0852041370316484	0.169560859131304
"p0s1[20]"	0.0544312918768334	0.0886324760604518	0.111462407994207	0.137279694760292	0.196007605808914
"p0s1[21]"	0.0265715288290384	0.0346089091169182	0.0393029161389544	0.0444002044059545	0.0553686794651955
"p0s1[22]"	0.0282234421851474	0.0392967273597416	0.0460914357193231	0.0537274213220568	0.0699244843384831
"p0s1[23]"	0.0549147285746869	0.0734846566027685	0.084613076027805	0.0968900339268839	0.122461997068479
"p0s1[24]"	0.194339915092235	0.259707524472302	0.298233331718158	0.338458455393352	0.423365035255612
"p0s1[25]"	0.0916780499624821	0.161868479953902	0.21079051290501	0.268671383807082	0.396912734466386
"p0s1[26]"	0.0195540010510061	0.0438831478527641	0.06169669831788	0.0836076445830333	0.134425695660919
"p0s1[27]"	0.0147405470483824	0.0374748273283638	0.0560960481900369	0.080088785023422	0.140911282080281
"p1s1[1]"	0.0437339609612465	0.0758735609923561	0.0978775889719618	0.123626527157124	0.182639134227938
"p1s1[2]"	0.061677195767323	0.0854223713773716	0.0997165746753713	0.115483521048886	0.149520021972532
"p1s1[3]"	0.139486759661735	0.159527124157616	0.170555505432358	0.181866741049152	0.204695931890359
"p1s1[4]"	0.0816765406398529	0.108968579673924	0.125358761514049	0.143093311797108	0.180209583390984
"p1s1[5]"	0.0854214343596104	0.148828230728931	0.193560652516898	0.247434896177323	0.371444001210991
"p1s1[6]"	0.0468770163237548	0.0579421798724944	0.0643525161370815	0.0711730516662498	0.0850153627143895
"p1s1[7]"	0.00593973045659744	0.0215237226789745	0.0355792011577835	0.0548036516000267	0.10510994513705
"p1s1[8]"	0.0575811737036453	0.0831409743422407	0.0987753792689445	0.116220836723506	0.153770670276069
"p1s1[9]"	0.0904964114223798	0.134222433503478	0.161336224372258	0.191011155755591	0.256309449908154
"p1s1[10]"	0.0641465457870301	0.102257716372533	0.126948699215713	0.15460227662691	0.215898665025471
"p1s1[11]"	0.0445945410291998	0.0631177820431083	0.0747327543992389	0.0872746182701502	0.115459748919181
"p1s1[12]"	0.0962080855234093	0.144606566963978	0.175425081397252	0.209259816363677	0.284122562871328
"p1s1[13]"	0.0208280710098458	0.048636957340762	0.0697216942500444	0.0949170639565825	0.156995064793113
"p1s1[14]"	0.0869451564555973	0.107055417966965	0.118825358186435	0.130990170442094	0.156247518049325
"p1s1[15]"	0.133476055687149	0.155386331459653	0.167827627243146	0.18083520361051	0.206858818908537
"p1s1[16]"	0.0402512453714972	0.0790176586413687	0.106562473967176	0.138541071694886	0.216425005223566
"p1s1[17]"	0.0642084245110851	0.0941395561752751	0.112291752532295	0.133215937055884	0.177226325327525
"p1s1[18]"	0.0815924846449877	0.106146261756456	0.1203506210229	0.135512671740106	0.167363649341426
"p1s1[19]"	0.0101984043806844	0.0375029386311386	0.0618857520129567	0.0955184499628506	0.187918167036964
"p1s1[20]"	0.0892634430287109	0.13154883587034	0.158355439526369	0.187989623316404	0.252555734385367
"p1s1[21]"	0.0456760830489869	0.0561828444533373	0.0621306462335341	0.0684718316948176	0.0818539576952753
"p1s1[22]"	0.0230363264706472	0.0332420794422639	0.0397215160239728	0.0468439933609474	0.0626524723250445
"p1s1[23]"	0.0458498706758301	0.0634115429226635	0.0739942319516836	0.0856282081768183	0.110594233313643
"p1s1[24]"	0.151161673645073	0.206313956204259	0.238633969810395	0.274125773465966	0.346216738815658
"p1s1[25]"	0.138804379161622	0.224782885088199	0.282521796674771	0.34799376220248	0.48516917898457
"p1s1[26]"	0.112721993817706	0.164473131431928	0.196784773067582	0.232601961974954	0.311070153992803
"p1s1[27]"	0.0169198281659156	0.0427338437292434	0.0636763394250252	0.0898902581364357	0.156711881584866
"u"	-1.40197158484888	-1.27931028431775	-1.22049254004323	-1.16238053682971	-1.04851932356777
"uout"	0.0985315265240664	0.117501060713556	0.128732423194654	0.141188882086539	0.16995745823581
"v"	-1.47957289938215	-1.35903440927781	-1.30131948042108	-1.24426220473955	-1.13133485250198
"vout"	0.0853114222749005	0.102595346983248	0.112684383588536	0.123985204031772	0.150125272248472
